  80.00000   27.00000   89.00000   42.00000 
  80.00000   27.00000   88.00000   37.00000 
  75.00000   25.00000   90.00000   37.00000 
  62.00000   24.00000   87.00000   28.00000 
  62.00000   22.00000   87.00000   18.00000 
  62.00000   23.00000   87.00000   18.00000 
  62.00000   24.00000   93.00000   19.00000 
  62.00000   24.00000   93.00000   20.00000 
  58.00000   23.00000   87.00000   15.00000 
  58.00000   18.00000   80.00000   14.00000 
  58.00000   18.00000   89.00000   14.00000 
  58.00000   17.00000   88.00000   13.00000 
  58.00000   18.00000   82.00000   11.00000 
  58.00000   19.00000   93.00000   12.00000 
  50.00000   18.00000   89.00000    8.00000 
  50.00000   18.00000   86.00000    7.00000 
  50.00000   19.00000   72.00000    8.00000 
  50.00000   19.00000   79.00000    8.00000 
  50.00000   20.00000   80.00000    9.00000 
  56.00000   20.00000   82.00000   15.00000 
  70.00000   20.00000   91.00000   15.00000 
